2.10000000000000e+00,-5.55915640730246e+03,-1.06372206869599e+04
2.11578947368421e+00,5.50046754333423e+03,-1.05365066372517e+04
2.13157894736842e+00,5.43567747518110e+03,-1.04330812664095e+04
2.14736842105263e+00,-5.36005004698984e+03,-1.03209025764312e+04
2.16315789473684e+00,5.28262783125289e+03,-1.02060757735467e+04
2.17894736842105e+00,-5.18310720112980e+03,-1.00793017380630e+04
2.19473684210526e+00,5.06334352586074e+03,-9.94490247847192e+03
2.21052631578947e+00,4.91024951249950e+03,-9.79381767940579e+03
2.22631578947368e+00,4.75585969373438e+03,-9.64519150325664e+03
2.24210526315789e+00,-1.06381570593439e+03,-9.45654924954005e+03
2.25789473684211e+00,3.19078115385832e+02,-9.24603796126323e+03
2.27368421052632e+00,-5.87872246808415e+02,-9.02523787881416e+03
2.28947368421053e+00,-6.79002221430838e+02,-8.78792403665718e+03
2.30526315789474e+00,1.78109322560533e+02,-8.58773580789368e+03
2.32105263157895e+00,1.27464091289889e+02,-8.38455580056714e+03
2.33684210526316e+00,-4.01802083471514e+01,-8.22558168732825e+03
2.35263157894737e+00,-4.17847508007661e+01,-8.07924303596228e+03
2.36842105263158e+00,1.66516700527245e+00,-7.94422023287779e+03
2.38421052631579e+00,1.61552654645566e+01,-7.82372922829513e+03
2.40000000000000e+00,1.50220826755946e+01,-7.70932934829525e+03
