2.20000000000000e+00,7.83399182400000e+03,-1.54627272120000e+04,6.15251247300640e+07,2.39167321848176e+08
2.20750000000000e+00,7.74008659200000e+03,-1.53556405240000e+04,6.00573122332880e+07,2.35868464416656e+08
2.21500000000000e+00,7.61748292800000e+03,-1.52447230640000e+04,5.82350796353360e+07,2.32478494148640e+08
2.22250000000000e+00,7.49816153800000e+03,-1.51293479680000e+04,5.64315090264440e+07,2.28976758475520e+08
2.23000000000000e+00,7.35072681400000e+03,-1.50059984680000e+04,5.42932622746920e+07,2.25264679450768e+08
2.23750000000000e+00,7.15554085600000e+03,-1.48710538200000e+04,5.15459788154720e+07,2.21237512875312e+08
2.24500000000000e+00,6.94239658000000e+03,-1.47403662280000e+04,4.88564700492880e+07,2.17375457997456e+08
2.25250000000000e+00,6.63216049000000e+03,-1.45813666880000e+04,4.49071706210520e+07,2.12721380390432e+08
2.26000000000000e+00,6.25518195400000e+03,-1.44118790360000e+04,4.05485885655640e+07,2.07816586116112e+08
2.26750000000000e+00,5.67063433600000e+03,-1.42355982840000e+04,3.48566818563760e+07,2.02778567023504e+08
2.27500000000000e+00,4.94519495200000e+03,-1.40205109000000e+04,2.78094145840880e+07,1.96706077112816e+08
2.28250000000000e+00,4.44445488000000e+03,-1.38536174080000e+04,2.32649425990720e+07,1.92051107529600e+08
2.29000000000000e+00,3.82988542000000e+03,-1.36811457800000e+04,1.82654979791440e+07,1.87292995963984e+08
2.29750000000000e+00,3.31802044600000e+03,-1.35197508280000e+04,1.44160003636840e+07,1.82893790180624e+08
2.30500000000000e+00,2.83346525600000e+03,-1.33627860520000e+04,1.11094426333760e+07,1.78668934061168e+08
2.31250000000000e+00,2.57949454600000e+03,-1.32364499760000e+04,9.29944271461200e+06,1.75300979208480e+08
2.32000000000000e+00,2.31533596800000e+03,-1.31129980360000e+04,7.70059600998400e+06,1.72042206418192e+08
2.32750000000000e+00,1.94288305400000e+03,-1.29793921880000e+04,5.53450987480400e+06,1.68548682824880e+08
2.33500000000000e+00,1.76120887400000e+03,-1.28674268520000e+04,4.64299967126800e+06,1.65652004900368e+08
2.34250000000000e+00,1.65404418400000e+03,-1.27596382800000e+04,4.11530585468800e+06,1.62887091327200e+08
2.35000000000000e+00,1.54634548400000e+03,-1.26613596480000e+04,3.61844414014400e+06,1.60385816448192e+08
