2.20000000000000e+00,5.01853076200000e+03,-9.89823149600000e+03,2.52770704235640e+07,9.80199667371840e+07
2.20750000000000e+00,4.94294489400000e+03,-9.82651562000000e+03,2.45519261100360e+07,9.66074752791840e+07
2.21500000000000e+00,4.88569443400000e+03,-9.75768965600000e+03,2.39711155243640e+07,9.52606614107840e+07
2.22250000000000e+00,4.76771334000000e+03,-9.67637104800000e+03,2.29633362902160e+07,9.36853656793600e+07
2.23000000000000e+00,4.70674672000000e+03,-9.60466040000000e+03,2.23234771894720e+07,9.23029843004800e+07
2.23750000000000e+00,4.57265257200000e+03,-9.51567381600000e+03,2.11604036100640e+07,9.06064556190080e+07
2.24500000000000e+00,4.40463889400000e+03,-9.42238712000000e+03,1.98154393824840e+07,8.88442084467200e+07
2.25250000000000e+00,4.32218314200000e+03,-9.34358606800000e+03,1.90587164841640e+07,8.73668273252640e+07
2.26000000000000e+00,4.07165158200000e+03,-9.24012994000000e+03,1.72944452438520e+07,8.54507298583200e+07
2.26750000000000e+00,3.73831683800000e+03,-9.11870101200000e+03,1.50629251786200e+07,8.32278881438240e+07
2.27500000000000e+00,3.44987172400000e+03,-9.00949669200000e+03,1.32180171938480e+07,8.12501691435680e+07
2.28250000000000e+00,3.21096681200000e+03,-8.90113009600000e+03,1.16240107147120e+07,7.93069928410560e+07
2.29000000000000e+00,2.81762336400000e+03,-8.78352472400000e+03,9.46469238531200e+06,7.72274873676000e+07
2.29750000000000e+00,2.55448784800000e+03,-8.68221237200000e+03,8.00039422780000e+06,7.54531310640480e+07
2.30500000000000e+00,2.25917040000000e+03,-8.57869130400000e+03,6.57510600035200e+06,7.36626086024320e+07
2.31250000000000e+00,2.01301137800000e+03,-8.48615930400000e+03,5.36395717950800e+06,7.20803695546240e+07
2.32000000000000e+00,1.77534990200000e+03,-8.39886989600000e+03,4.37970196596400e+06,7.06016359702720e+07
2.32750000000000e+00,1.58492002800000e+03,-8.31520244800000e+03,3.54640979413600e+06,6.91992144854720e+07
2.33500000000000e+00,1.46047079400000e+03,-8.23899068800000e+03,3.06577782091600e+06,6.79354331939840e+07
2.34250000000000e+00,1.32949796000000e+03,-8.17122899200000e+03,2.56435322618400e+06,6.68200735589120e+07
2.35000000000000e+00,1.20359956400000e+03,-8.10200057200000e+03,2.14637310438400e+06,6.56910970804640e+07
