2.20000000000000e+00,1.25634392400000e+03,-2.47441576000000e+03,1.59384003217600e+06,6.13364562752000e+06
2.20750000000000e+00,1.23913107800000e+03,-2.45632810800000e+03,1.55355271195600e+06,6.04495350043200e+06
2.21500000000000e+00,1.22182003000000e+03,-2.43976406800000e+03,1.51510578151600e+06,5.96436609825600e+06
2.22250000000000e+00,1.19724534600000e+03,-2.41862987600000e+03,1.46166908610000e+06,5.86240233569600e+06
2.23000000000000e+00,1.17495175600000e+03,-2.40032224400000e+03,1.41532986689600e+06,5.77472950142400e+06
2.23750000000000e+00,1.14936356600000e+03,-2.37948096000000e+03,1.36255761282800e+06,5.67573996409600e+06
2.24500000000000e+00,1.12152055000000e+03,-2.35885435600000e+03,1.30638176575600e+06,5.57859484692800e+06
2.25250000000000e+00,1.10007970600000e+03,-2.33992742000000e+03,1.26224202435600e+06,5.48997830660800e+06
2.26000000000000e+00,1.06471088200000e+03,-2.31773514800000e+03,1.19645088982000e+06,5.38725322660800e+06
2.26750000000000e+00,1.02839891000000e+03,-2.29303544000000e+03,1.12802518266000e+06,5.27398800969600e+06
2.27500000000000e+00,9.92043858000000e+02,-2.27085096400000e+03,1.06458441000400e+06,5.17308859310400e+06
2.28250000000000e+00,9.57434058000000e+02,-2.24889888800000e+03,1.00433048003600e+06,5.07417563036800e+06
2.29000000000000e+00,8.96777774000000e+02,-2.21812631200000e+03,9.05603211748000e+05,4.93731776707200e+06
2.29750000000000e+00,8.54539604000000e+02,-2.19388214800000e+03,8.35788141432000e+05,4.83005108286400e+06
2.30500000000000e+00,8.20938204000000e+02,-2.17391481200000e+03,7.83134037576000e+05,4.74270559297600e+06
2.31250000000000e+00,7.66318634000000e+02,-2.14795086800000e+03,7.02199011628000e+05,4.63025624856000e+06
2.32000000000000e+00,7.33693998000000e+02,-2.12743123200000e+03,6.51757451716000e+05,4.54209084147200e+06
2.32750000000000e+00,6.83883320000000e+02,-2.10371589200000e+03,5.83174091304000e+05,4.44132000152000e+06
2.33500000000000e+00,6.51812820000000e+02,-2.08355730000000e+03,5.37347082192000e+05,4.35644056497600e+06
2.34250000000000e+00,6.19091372000000e+02,-2.06354066400000e+03,4.91326847984000e+05,4.27289077654400e+06
2.35000000000000e+00,5.74834750000000e+02,-2.04230010400000e+03,4.35209001716000e+05,4.18496378707200e+06
