2.20000000000000e+00,2.82079325000000e+03,-5.56584042400000e+03,8.00199825393200e+06,3.10036400059840e+07
2.20750000000000e+00,2.78555608400000e+03,-5.52809575200000e+03,7.80854321881600e+06,3.05859511077760e+07
2.21500000000000e+00,2.74840403200000e+03,-5.48861822400000e+03,7.60936831392000e+06,3.01519503922240e+07
2.22250000000000e+00,2.68334132000000e+03,-5.44155298800000e+03,7.29042145200800e+06,2.96396534417760e+07
2.23000000000000e+00,2.64092373000000e+03,-5.39977738800000e+03,7.06602500750800e+06,2.91874840697760e+07
2.23750000000000e+00,2.57388382400000e+03,-5.35264014800000e+03,6.75094310979200e+06,2.86831546983520e+07
2.24500000000000e+00,2.48564592600000e+03,-5.30034757200000e+03,6.36690554506800e+06,2.81285344596640e+07
2.25250000000000e+00,2.39309411800000e+03,-5.24863470400000e+03,5.96809391520400e+06,2.75855030217920e+07
2.26000000000000e+00,2.29858291800000e+03,-5.19435174400000e+03,5.57494999069200e+06,2.70196539820160e+07
2.26750000000000e+00,2.21656869600000e+03,-5.14417701200000e+03,5.23077661493600e+06,2.65020484857120e+07
2.27500000000000e+00,2.09072831200000e+03,-5.08541796800000e+03,4.75636513080000e+06,2.59028153442240e+07
2.28250000000000e+00,1.97820617600000e+03,-5.02944608400000e+03,4.34141721971200e+06,2.53371993428320e+07
2.29000000000000e+00,1.77461180000000e+03,-4.96014909600000e+03,3.66488343078400e+06,2.46448419528640e+07
2.29750000000000e+00,1.68826135200000e+03,-4.91212027200000e+03,3.36182290081600e+06,2.41698316695680e+07
2.30500000000000e+00,1.51401349600000e+03,-4.84632825200000e+03,2.80418173568000e+06,2.35256875067360e+07
2.31250000000000e+00,1.39810844000000e+03,-4.79535292800000e+03,2.47623043340000e+06,2.30336181532160e+07
2.32000000000000e+00,1.25427628200000e+03,-4.74022820400000e+03,2.05247013692400e+06,2.25049373557280e+07
2.32750000000000e+00,1.15925082200000e+03,-4.69254218400000e+03,1.79829074668400e+06,2.20538800021760e+07
2.33500000000000e+00,1.06295585600000e+03,-4.64921502000000e+03,1.55638865158400e+06,2.16471131270240e+07
2.34250000000000e+00,9.71240150000000e+02,-4.60440348400000e+03,1.32105528127600e+06,2.12309308317280e+07
2.35000000000000e+00,9.16479556000000e+02,-4.56564195600000e+03,1.19008745684000e+06,2.08744074514720e+07
