2.20000000000000e+00,5.02206016800000e+03,-9.89731625200000e+03,2.53012206150040e+07,9.80008663133760e+07
2.20555555555556e+00,4.96929220300000e+03,-9.84620944400000e+03,2.47867681327860e+07,9.69936695120640e+07
2.21111111111111e+00,4.91956182800000e+03,-9.79426936800000e+03,2.42969089502480e+07,9.59745293685120e+07
2.21666666666667e+00,4.86217493800000e+03,-9.73963751600000e+03,2.37484842328720e+07,9.49094888772320e+07
2.22222222222222e+00,4.80086605800000e+03,-9.68481775400000e+03,2.31862748503560e+07,9.38462612402160e+07
2.22777777777778e+00,4.71110862300000e+03,-9.62142190400000e+03,2.23947549535940e+07,9.26257564540960e+07
2.23333333333333e+00,4.60524032400000e+03,-9.55824372800000e+03,2.15363666638640e+07,9.14187084346240e+07
2.23888888888889e+00,4.55596961400000e+03,-9.50354892000000e+03,2.10398790770760e+07,9.03756303208160e+07
2.24444444444444e+00,4.40001077500000e+03,-9.42816766400000e+03,1.98291906692340e+07,8.89538128152320e+07
2.25000000000000e+00,4.34041093700000e+03,-9.36773093400000e+03,1.92275221754860e+07,8.78173945864080e+07
2.25555555555556e+00,4.19329399500000e+03,-9.29568112200000e+03,1.81449136023580e+07,8.64770668807760e+07
2.26111111111111e+00,4.03058913400000e+03,-9.22002686200000e+03,1.69331792216560e+07,8.50800447907440e+07
2.26666666666667e+00,3.78398915800000e+03,-9.13131695800000e+03,1.53191592375520e+07,8.34561263207280e+07
2.27222222222222e+00,3.68096054100000e+03,-9.06293744400000e+03,1.45094670540340e+07,8.22120176408000e+07
2.27777777777778e+00,3.33275124800000e+03,-8.96415449400000e+03,1.24908232750520e+07,8.04364986628560e+07
2.28333333333333e+00,3.17537632300000e+03,-8.89079716000000e+03,1.14742733768820e+07,7.91250920851040e+07
2.28888888888889e+00,2.91270137500000e+03,-8.80544874400000e+03,9.95763264633000e+06,7.76123113628640e+07
2.29444444444444e+00,2.63530169600000e+03,-8.72035475000000e+03,8.50705977598400e+06,7.61192087969200e+07
2.30000000000000e+00,2.44883467200000e+03,-8.64558383000000e+03,7.45941456623600e+06,7.48171543102960e+07
2.30555555555556e+00,2.24058935700000e+03,-8.57259623200000e+03,6.45643138837400e+06,7.35582258277600e+07
2.31111111111111e+00,2.06909666900000e+03,-8.50761414600000e+03,5.65397860828200e+06,7.24452065610960e+07
2.31666666666667e+00,1.85206032500000e+03,-8.43364983200000e+03,4.66523780942200e+06,7.11880655682560e+07
2.32222222222222e+00,1.76968315300000e+03,-8.37989422800000e+03,4.29770544001000e+06,7.02820744325760e+07
2.32777777777778e+00,1.56277596500000e+03,-8.31304820600000e+03,3.46646694701000e+06,6.91624225682640e+07
2.33333333333333e+00,1.47407341000000e+03,-8.25662522800000e+03,3.10756627132000e+06,6.82256869949760e+07
2.33888888888889e+00,1.36122793000000e+03,-8.20220894200000e+03,2.71775776510000e+06,6.73281863874640e+07
2.34444444444444e+00,1.28669764600000e+03,-8.15137532000000e+03,2.43907258138000e+06,6.64953120974720e+07
2.35000000000000e+00,1.25332819600000e+03,-8.10573987600000e+03,2.31035895158400e+06,6.57526363135680e+07
