2.10000000000000e+00,-8.68710706031333e+03,-1.66208176089976e+04
2.11578947368421e+00,8.59505352148319e+03,-1.64648097967447e+04
2.13157894736842e+00,-8.49329380744266e+03,-1.63007905803986e+04
2.14736842105263e+00,8.37871178031814e+03,-1.61278948488723e+04
2.16315789473684e+00,-8.24464363535065e+03,-1.59427796028363e+04
2.17894736842105e+00,8.09449210254296e+03,-1.57483453023932e+04
2.19473684210526e+00,7.91812634298606e+03,-1.55404790698766e+04
2.21052631578947e+00,-7.69989454479035e+03,-1.53124642127186e+04
2.22631578947368e+00,7.41527481966818e+03,-1.50635867505987e+04
2.24210526315789e+00,-7.05411204909393e+03,-1.47966495067852e+04
2.25789473684211e+00,-2.72753593830198e+03,-1.44626493700504e+04
2.27368421052632e+00,-6.38659376183037e+02,-1.40845153433830e+04
2.28947368421053e+00,4.25624613902667e+02,-1.37148425865741e+04
2.30526315789474e+00,8.76079383754473e+01,-1.33641035062281e+04
2.32105263157895e+00,-2.77641709838479e+02,-1.30858906794803e+04
2.33684210526316e+00,-6.41781695695608e+01,-1.28426536271976e+04
2.35263157894737e+00,-6.60492612747564e+01,-1.26166733190544e+04
2.36842105263158e+00,-6.96102955207097e+00,-1.24178844100861e+04
2.38421052631579e+00,-6.36457833120238e+01,-1.22240464082106e+04
2.40000000000000e+00,-3.72509910724399e+01,-1.20384092677646e+04
